</map>
 </layer>
</data>
0,0,0,0,0,0,49,8,8,8,8,8,8,8,8,8,8,8,8,50,1,0,0,0,0
0,0,0,0,0,0,29,1,1,1,1,1,1,1,1,1,1,1,1,52,1,0,0,0,0,
0,0,0,0,0,0,29,1,1,1,1,1,1,1,1,1,1,1,1,52,1,0,0,0,0,
0,0,0,0,0,0,29,1,1,1,1,1,1,1,1,1,1,1,1,52,1,0,0,0,0,
0,0,0,0,0,0,29,1,1,1,1,1,1,1,1,1,1,1,1,52,1,0,0,0,0,
0,0,0,0,0,0,29,1,1,1,1,1,1,1,1,1,1,1,1,52,1,0,0,0,0,
0,0,0,0,0,0,29,1,1,1,1,1,1,1,1,1,1,1,1,52,1,0,0,0,0,
0,0,0,0,0,0,29,1,1,1,1,1,1,1,1,1,1,1,1,52,1,0,0,0,0,
0,0,0,0,0,0,29,1,1,1,1,1,1,1,1,1,1,1,1,52,1,0,0,0,0,
0,0,0,0,0,0,29,1,1,1,1,1,1,1,1,1,1,1,1,52,1,0,0,0,0,
0,0,0,0,0,0,29,1,1,1,1,1,1,1,1,1,1,1,1,52,1,0,0,0,0,
0,0,0,0,0,0,29,1,1,1,1,1,1,1,1,1,1,1,1,52,1,0,0,0,0,
0,0,0,0,0,0,29,1,1,1,1,1,1,1,1,1,1,1,1,52,1,0,0,0,0,
0,0,0,0,0,0,29,1,1,1,1,1,1,1,1,1,1,1,1,52,1,0,0,0,0,
0,0,0,0,0,0,29,1,1,1,1,1,1,1,1,1,1,1,1,52,1,0,0,0,0,
0,0,0,0,0,0,51,53,53,53,28,1,1,1,1,30,53,53,53,48,1,0,0,0,0,
0,0,0,0,0,0,1,1,1,1,29,1,1,1,1,52,1,1,1,1,1,0,0,0,0,
0,0,0,0,0,0,1,1,1,1,29,1,1,1,1,52,1,1,1,1,1,0,0,0,0,
0,0,0,0,0,0,1,1,1,1,29,1,1,1,1,52,1,1,1,1,1,0,0,0,0,
0,0,0,0,0,0,1,1,1,1,29,1,1,1,1,52,1,1,1,1,1,0,0,0,0,
0,0,0,0,0,0,1,1,1,1,29,1,1,1,1,52,1,1,1,1,1,0,0,0,0,
0,0,0,0,0,0,1,1,1,1,29,1,1,1,1,52,1,1,1,1,1,0,0,0,0,
0,0,0,0,0,0,1,1,1,1,29,1,1,1,1,52,1,1,1,1,1,0,0,0,0,
0,0,0,0,0,0,1,1,1,1,29,1,1,1,1,52,1,1,1,1,1,0,0,0,0,
0,0,0,0,0,0,1,1,1,1,29,1,1,1,1,52,1,1,1,1,1,0,0,0,0,
0,0,0,0,0,0,1,1,1,1,29,1,1,1,1,52,1,1,1,1,1,0,0,0,0,
0,0,0,0,0,0,1,1,1,1,29,1,1,1,1,52,1,1,1,1,1,0,0,0,0,
0,0,0,0,0,0,1,1,1,1,29,1,1,1,1,52,1,1,1,1,1,0,0,0,0,
0,0,0,0,0,0,1,1,1,1,29,1,1,1,1,52,1,1,1,1,1,0,0,0,0,
0,0,0,0,0,0,1,1,1,1,29,1,1,1,1,52,1,1,1,1,1,0,0,0,0,
0,0,0,0,0,0,1,1,1,1,29,1,1,1,1,52,1,1,1,1,1,0,0,0,0,
0,0,0,0,0,0,1,1,1,1,29,1,1,1,1,52,1,1,1,1,1,0,0,0,0,
0,0,0,0,0,0,1,1,1,1,1,1,1,1,1,1,1,1,1,1,1,0,0,0,0,
  <data encoding="csv">
 <layer id="3" width="25" height="33">
 </layer>
</data>
0,0,0,0,0,0,1,1,1,1,1,1,1,1,1,1,1,1,1,1,1,0,0,0,0
0,0,0,0,0,0,1,1,1,1,1,1,1,1,1,1,1,1,1,1,1,0,0,0,0,
0,0,0,0,0,0,1,1,1,1,105,106,106,106,106,107,1,1,1,1,1,0,0,0,0,
0,0,0,0,0,0,1,1,1,1,85,86,86,86,86,87,1,1,1,1,1,0,0,0,0,
0,0,0,0,0,0,1,1,1,1,85,86,86,86,86,87,1,1,1,1,1,0,0,0,0,
0,0,0,0,0,0,1,1,1,1,85,86,86,86,86,87,1,1,1,1,1,0,0,0,0,
0,0,0,0,0,0,1,1,1,1,85,86,86,86,86,87,1,1,1,1,1,0,0,0,0,
0,0,0,0,0,0,1,1,1,1,85,86,86,86,86,87,1,1,1,1,1,0,0,0,0,
0,0,0,0,0,0,1,1,1,1,65,66,86,86,66,67,1,1,1,1,1,0,0,0,0,
0,0,0,0,0,0,1,1,1,1,1,1,85,87,1,1,1,1,1,1,1,0,0,0,0,
0,0,0,0,0,0,1,1,1,1,1,1,85,87,1,1,1,114,1,1,1,0,0,0,0,
0,0,0,0,0,0,1,1,1,1,1,1,85,87,1,1,1,94,1,1,1,0,0,0,0,
0,0,0,0,0,0,1,1,37,38,1,1,85,87,1,1,1,1,1,1,1,0,0,0,0,
0,0,0,0,0,0,1,1,17,18,1,1,85,87,1,1,1,1,1,1,1,0,0,0,0,
0,0,0,0,0,0,1,1,1,1,1,1,85,87,1,1,1,1,1,1,1,0,0,0,0,
0,0,0,0,0,0,1,1,1,1,1,1,85,87,1,1,1,1,1,1,1,0,0,0,0,
0,0,0,0,0,0,1,1,1,1,1,1,85,87,1,1,1,1,1,1,1,0,0,0,0,
0,0,0,0,0,0,1,1,1,1,1,1,85,87,1,1,1,1,1,1,1,0,0,0,0,
0,0,0,0,0,0,1,1,1,1,1,1,85,87,1,1,1,1,1,1,1,0,0,0,0,
0,0,0,0,0,0,1,1,1,1,1,1,85,87,1,1,1,1,1,1,1,0,0,0,0,
0,0,0,0,0,0,1,1,1,1,1,1,85,87,1,1,1,1,1,1,1,0,0,0,0,
0,0,0,0,0,0,1,1,1,1,1,1,85,87,1,1,1,1,1,1,1,0,0,0,0,
0,0,0,0,0,0,1,1,1,1,1,1,85,87,1,1,1,1,1,1,1,0,0,0,0,
0,0,0,0,0,0,1,1,1,1,1,1,85,87,1,1,1,1,1,1,1,0,0,0,0,
0,0,0,0,0,0,1,1,1,1,1,1,85,87,1,1,1,1,1,1,1,0,0,0,0,
0,0,0,0,0,0,1,1,1,1,1,1,85,87,1,1,1,1,1,1,1,0,0,0,0,
0,0,0,0,0,0,1,1,1,1,1,1,85,87,1,1,1,1,1,1,1,0,0,0,0,
0,0,0,0,0,0,1,1,1,1,1,1,85,87,1,1,1,1,1,1,1,0,0,0,0,
0,0,0,0,0,0,1,1,1,1,1,1,85,87,1,1,1,1,1,1,1,0,0,0,0,
0,0,0,0,0,0,1,1,1,1,1,1,85,87,1,1,1,1,1,1,1,0,0,0,0,
0,0,0,0,0,0,1,1,1,1,1,1,85,87,1,1,1,1,1,1,1,0,0,0,0,
0,0,0,0,0,0,1,1,1,1,1,1,85,87,1,1,1,1,1,1,1,0,0,0,0,
0,0,0,0,0,0,1,1,1,1,1,1,1,1,1,1,1,1,1,1,1,0,0,0,0,
  <data encoding="csv">
 <layer id="2" name="Tile Layer 2" width="25" height="33">
 </layer>
</data>
0,0,0,0,0,0,1,1,1,1,1,1,1,1,1,1,1,1,1,1,1,0,0,0,0
0,0,0,0,0,0,1,45,46,46,46,46,46,46,46,46,46,46,47,1,1,0,0,0,0,
0,0,0,0,0,0,1,25,26,26,26,26,26,26,26,26,26,26,27,1,1,0,0,0,0,
0,0,0,0,0,0,1,25,26,26,26,26,26,26,26,26,26,26,27,1,1,0,0,0,0,
0,0,0,0,0,0,1,25,26,26,26,26,26,26,26,26,26,26,27,1,1,0,0,0,0,
0,0,0,0,0,0,1,25,26,26,26,26,26,26,26,26,26,26,27,1,1,0,0,0,0,
0,0,0,0,0,0,1,25,26,26,26,26,26,26,26,26,26,26,27,1,1,0,0,0,0,
0,0,0,0,0,0,1,25,26,26,26,26,26,26,26,26,26,26,27,1,1,0,0,0,0,
0,0,0,0,0,0,1,25,26,26,26,26,26,26,26,26,26,26,27,1,1,0,0,0,0,
0,0,0,0,0,0,1,25,26,26,26,26,26,26,26,26,26,26,27,1,1,0,0,0,0,
0,0,0,0,0,0,1,5,6,6,6,26,26,26,26,6,6,6,7,1,1,0,0,0,0,
0,0,0,0,0,0,1,74,75,75,76,25,26,26,27,74,75,75,76,1,1,0,0,0,0,
0,0,0,0,0,0,1,54,55,55,56,25,26,26,27,54,55,55,56,1,1,0,0,0,0,
0,0,0,0,0,0,1,34,35,35,36,25,26,26,27,34,35,35,36,1,1,0,0,0,0,
0,0,0,0,0,0,1,14,15,15,16,25,26,26,27,14,15,15,16,1,1,0,0,0,0,
0,0,0,0,0,0,1,1,1,1,1,25,26,26,27,1,1,1,1,1,1,0,0,0,0,
0,0,0,0,0,0,1,1,1,1,1,25,26,26,27,1,1,1,1,1,1,0,0,0,0,
0,0,0,0,0,0,1,1,1,1,1,25,26,26,27,1,1,1,1,1,1,0,0,0,0,
0,0,0,0,0,0,1,1,1,1,1,25,26,26,27,1,1,1,1,1,1,0,0,0,0,
0,0,0,0,0,0,1,1,1,1,1,25,26,26,27,1,1,1,1,1,1,0,0,0,0,
0,0,0,0,0,0,1,1,1,1,1,25,26,26,27,1,1,1,1,1,1,0,0,0,0,
0,0,0,0,0,0,1,1,1,1,1,25,26,26,27,1,1,1,1,1,1,0,0,0,0,
0,0,0,0,0,0,1,1,1,1,1,25,26,26,27,1,1,1,1,1,1,0,0,0,0,
0,0,0,0,0,0,1,1,1,1,1,25,26,26,27,1,1,1,1,1,1,0,0,0,0,
0,0,0,0,0,0,1,1,1,1,1,25,26,26,27,1,1,1,1,1,1,0,0,0,0,
0,0,0,0,0,0,1,1,1,1,1,25,26,26,27,1,1,1,1,1,1,0,0,0,0,
0,0,0,0,0,0,1,1,1,1,1,25,26,26,27,1,1,1,1,1,1,0,0,0,0,
0,0,0,0,0,0,1,1,1,1,1,25,26,26,27,1,1,1,1,1,1,0,0,0,0,
0,0,0,0,0,0,1,1,1,1,1,25,26,26,27,1,1,1,1,1,1,0,0,0,0,
0,0,0,0,0,0,1,1,1,1,1,25,26,26,27,1,1,1,1,1,1,0,0,0,0,
0,0,0,0,0,0,1,1,1,1,1,25,26,26,27,1,1,1,1,1,1,0,0,0,0,
0,0,0,0,0,0,1,1,1,1,1,25,26,26,27,1,1,1,1,1,1,0,0,0,0,
0,0,0,0,0,0,1,1,1,1,1,1,1,1,1,1,1,1,1,1,1,0,0,0,0
  <data encoding="csv">
 <layer id="1" name="Tile Layer 1" width="25" height="33">
 <tileset firstgid="1" source="../Dreamscaper.tsx"/>
<map version="1.10" tiledversion="1.11.2" orientation="orthogonal" renderorder="right-up" width="25" height="33" tilewidth="16" tileheight="16" infinite="0" nextlayerid="4" nextobjectid="1">
<?xml version="1.0" encoding="UTF-8"?>
