</map>
 </layer>
</data>
1,1,1,1,1,1,1,1,1,1,1,1,1,1,1,1,1,1,1,1,1,1,1,1,1,1,0
1,1,1,1,1,1,1,1,1,1,1,1,1,1,1,1,1,1,1,1,1,1,1,1,1,1,0,
1,1,1,1,1,1,1,1,1,1,1,1,1,1,1,1,1,1,1,1,1,1,1,1,1,1,0,
1,1,1,1,1,1,1,1,1,1,1,1,1,1,1,1,1,1,1,1,1,1,1,1,1,1,0,
1,1,1,1,1,1,1,1,1,1,1,1,1,1,1,1,1,1,1,1,1,1,1,1,1,1,0,
1,1,1,1,1,1,1,1,1,1,1,1,1,1,1,1,1,1,1,1,1,1,1,1,1,1,0,
1,1,1,1,1,1,1,1,1,1,1,1,1,1,1,1,1,1,1,1,1,1,1,1,1,1,0,
1,1,1,1,1,1,1,1,1,1,1,1,1,1,1,1,1,1,1,1,1,1,1,1,1,1,0,
1,1,1,1,1,1,1,1,1,1,1,1,1,1,1,1,1,1,192,1,1,1,1,1,1,1,0,
1,1,1,1,1,1,1,1,1,1,1,1,1,1,1,1,1,1,1,1,1,1,1,1,1,1,0,
1,1,1,1,1,1,1,1,1,1,1,1,1,1,1,1,1,1,1,1,1,1,1,1,1,1,0,
1,1,1,1,1,1,1,1,1,190,1,1,1,1,1,1,1,150,150,1,1,1,1,1,1,1,0,
1,1,1,1,1,1,1,1,1,1,1,1,1,123,123,1,1,130,130,1,1,1,1,1,1,1,0,
1,1,1,1,1,1,1,1,1,1,1,1,398,399,400,401,1,1,1,1,1,1,1,1,1,1,0,
1,1,1,1,1,1,1,1,1,1,1,1,378,379,380,381,1,1,1,1,1,1,1,1,1,1,0,
1,1,1,1,1,1,1,1,1,1,1,1,358,359,360,361,1,1,1,1,1,1,1,1,1,1,0,
1,1,1,1,1,1,1,1,1,1,1,1,338,339,340,341,1,1,1,1,1,1,1,1,1,1,0,
1,1,1,1,1,1,1,1,1,1,1,1,1,1,1,1,1,1,1,1,1,1,1,1,1,1,0,
1,1,1,1,1,1,1,1,1,1,1,1,1,1,1,1,1,1,1,1,1,1,1,1,1,1,0,
1,1,1,1,1,1,1,1,1,1,1,1,1,1,1,1,1,1,1,1,1,1,1,1,1,1,0,
1,1,1,1,1,1,1,1,1,1,1,1,1,1,1,1,1,1,1,1,1,1,1,1,1,1,0,
1,1,1,1,1,1,1,1,1,1,1,1,1,1,1,1,1,1,1,1,1,1,1,1,1,1,0,
1,1,1,1,1,1,1,1,1,1,1,1,1,1,1,1,1,1,1,1,1,1,1,1,1,1,0,
1,1,1,1,1,1,1,1,1,1,1,1,1,1,1,1,1,1,1,1,1,1,1,1,1,1,0,
1,1,1,1,1,1,1,1,1,1,1,1,1,1,1,1,1,1,1,1,1,1,1,1,1,1,0,
1,1,1,1,1,1,1,1,1,1,1,1,1,1,1,1,1,1,1,1,1,1,1,1,1,1,0,
0,0,0,0,0,0,0,0,0,0,0,0,0,0,0,0,0,0,0,0,0,0,0,0,0,0,0,
  <data encoding="csv">
 <layer id="2" name="Tile Layer 2" width="27" height="27">
 </layer>
</data>
1,1,1,1,1,1,1,1,1,1,1,1,146,142,144,186,1,1,1,1,1,1,1,1,1,1,0
1,1,1,1,1,1,1,1,1,1,1,1,146,142,144,186,1,1,1,1,1,1,1,1,1,1,0,
1,1,1,1,1,1,1,1,1,1,1,1,146,142,144,186,1,1,1,1,1,1,1,1,1,1,0,
1,1,1,1,1,1,1,1,1,1,1,1,146,142,144,186,1,1,1,1,1,1,1,1,1,1,0,
1,1,1,1,1,1,1,1,1,1,1,1,146,142,144,186,1,1,1,1,1,1,1,1,1,1,0,
1,1,1,1,1,1,1,1,1,1,1,1,146,142,144,186,1,1,1,1,1,1,1,1,1,1,0,
1,1,1,1,1,1,1,1,1,1,1,1,146,142,144,186,1,1,1,1,1,1,1,1,1,1,0,
1,1,1,1,1,1,1,1,1,1,1,1,146,142,144,186,1,1,1,1,1,1,1,1,1,1,0,
1,1,1,1,1,1,1,1,222,163,163,163,163,143,143,163,163,163,163,223,1,1,1,1,1,1,0,
1,1,1,1,1,1,1,1,202,143,143,143,143,143,143,143,143,143,143,203,1,1,1,1,1,1,0,
1,1,1,1,1,1,1,1,202,143,143,143,143,143,143,143,143,143,143,203,1,1,1,1,1,1,0,
1,1,1,1,1,1,1,1,202,143,143,143,143,143,143,143,143,143,143,203,1,1,1,1,1,1,0,
1,1,1,1,1,1,1,1,182,123,123,123,123,123,123,123,123,123,123,183,1,1,1,1,1,1,0,
1,1,1,1,1,1,1,1,393,396,396,396,396,396,396,396,396,396,396,394,1,1,1,1,1,1,0,
1,1,1,1,1,1,1,1,373,376,376,376,376,376,376,376,376,376,376,374,1,1,1,1,1,1,0,
1,1,1,1,1,1,1,1,373,376,376,376,376,376,376,376,376,376,376,374,1,1,1,1,1,1,0,
1,1,1,1,1,1,1,1,353,356,356,356,356,356,356,356,356,356,356,354,1,1,1,1,1,1,0,
1,1,1,1,1,1,1,1,1,1,1,1,1,1,1,1,1,1,1,1,1,1,1,1,1,1,0,
1,1,1,1,1,1,1,1,1,1,1,1,1,1,1,1,1,1,1,1,1,1,1,1,1,1,0,
1,1,1,1,1,1,1,1,1,1,1,1,1,1,1,1,1,1,1,1,1,1,1,1,1,1,0,
1,1,1,1,1,1,1,1,1,1,1,1,1,1,1,1,1,1,1,1,1,1,1,1,1,1,0,
1,1,1,1,1,1,1,1,1,1,1,1,1,1,1,1,1,1,1,1,1,1,1,1,1,1,0,
1,1,1,1,1,1,1,1,1,1,1,1,1,1,1,1,1,1,1,1,1,1,1,1,1,1,0,
1,1,1,1,1,1,1,1,1,1,1,1,1,1,1,1,1,1,1,1,1,1,1,1,1,1,0,
1,1,1,1,1,1,1,1,1,1,1,1,1,1,1,1,1,1,1,1,1,1,1,1,1,1,0,
1,1,1,1,1,1,1,1,1,1,1,1,1,1,1,1,1,1,1,1,1,1,1,1,1,1,0,
0,0,0,0,0,0,0,0,0,0,0,0,0,0,0,0,0,0,0,0,0,0,0,0,0,0,0,
  <data encoding="csv">
 <layer id="1" name="Tile Layer 1" width="27" height="27">
 <tileset firstgid="1" source="../Dreamscaper.tsx"/>
<map version="1.10" tiledversion="1.11.2" orientation="orthogonal" renderorder="right-up" width="27" height="27" tilewidth="16" tileheight="16" infinite="0" nextlayerid="3" nextobjectid="1">
<?xml version="1.0" encoding="UTF-8"?>
